name geometry lattice_a lattice_b lattice_c  mass epsilon_lj sigma_lj gaussian_width Tf_length Voronoi_volume
C hexagonal 2.3 1.4 6.7 12.0 0.236 3.214 0.955234657 6.08 81.5
Pt(100) CFC(100) 3.923 3.92 3.92 106.42 7.810 2.53 0.955234657 0.9448634 101.90842664336027 
Pt(110) CFC(110) 3.923 3.92 3.92 106.42 7.810 2.53 0.955234657 0.9448634 101.90842664336027 
Pt(111) CFC(111) 3.923 3.92 3.92 106.42 7.810 2.53 0.955234657 0.9448634 101.90842664336027 
Ag(100) CFC(100) 4.0862 4.0862 4.0862 107.8682 19.07904 2.632606 0.955234657 0.9448634 115.10533898219461
Ag(110) CFC(110) 4.0862 4.0862 4.0862 107.8682 19.07904 2.632606 0.955234657 0.9448634 115.10533898219461
Ag(111) CFC(111) 4.0862 4.0862 4.0862 107.8682 19.07904 2.632606 0.955234657 0.9448634 115.10533898219461
Au(100) CFC(100) 4.0782 4.0782 4.0782 196.96657 22.13336 2.629042 0.955234657 0.9448634 114.43059884168568
Au(110) CFC(110) 4.0782 4.0782 4.0782 196.96657 22.13336 2.629042 0.955234657 0.9448634 114.43059884168568
Au(111) CFC(111) 4.0782 4.0782 4.0782 196.96657 22.13336 2.629042 0.955234657 0.9448634 114.43059884168568
Cu(100) CFC(100) 3.6149 3.6149 3.6149 63.546 19.74848 2.330591 0.955234657 0.9448634 79.69397204789044
Cu(110) CFC(110) 3.6149 3.6149 3.6149 63.546 19.74848 2.330591 0.955234657 0.9448634 79.69397204789044
Cu(111) CFC(111) 3.6149 3.6149 3.6149 63.546 19.74848 2.330591 0.955234657 0.9448634 79.69397204789044
Ni(100) CFC(100) 3.5240 3.5240 3.5240 58.6934 23.63960 2.273574 0.955234657 0.9448634 73.83194492405700
Ni(110) CFC(110) 3.5240 3.5240 3.5240 58.6934 23.63960 2.273574 0.955234657 0.9448634 73.83194492405700
